,Simulation number,Percent of coerced cars,Percent of lying cars,Percent of honest cars,Density,Accuracy,True Positives,True Negatives,False Positives,False Negatives,Percent True Positives,Percent True Negatives,Percent False Positives,Percent False Negatives
0,0,12.5,62.5,25.0,0.08,63.625,9,500,0,291,1.125,62.5,0.0,36.375
1,1,12.5,62.5,25.0,0.08,62.74999999999999,2,500,0,298,0.25,62.5,0.0,37.25
2,2,12.5,62.5,25.0,0.08,63.87500000000001,11,500,0,289,1.375,62.5,0.0,36.125
3,3,12.5,62.5,25.0,0.08,64.125,13,500,0,287,1.625,62.5,0.0,35.875
4,4,12.5,62.5,25.0,0.08,62.74999999999999,3,499,1,297,0.375,62.375,0.125,37.125
5,5,12.5,62.5,25.0,0.08,63.74999999999999,10,500,0,290,1.25,62.5,0.0,36.25
6,6,12.5,62.5,25.0,0.08,64.125,13,500,0,287,1.625,62.5,0.0,35.875
7,7,12.5,62.5,25.0,0.08,63.625,9,500,0,291,1.125,62.5,0.0,36.375
8,8,12.5,62.5,25.0,0.08,63.24999999999999,6,500,0,294,0.75,62.5,0.0,36.75
9,9,12.5,62.5,25.0,0.08,62.875,3,500,0,297,0.375,62.5,0.0,37.125
10,10,12.5,62.5,25.0,0.08,63.0,4,500,0,296,0.5,62.5,0.0,37.0
11,11,12.5,62.5,25.0,0.08,63.0,4,500,0,296,0.5,62.5,0.0,37.0
12,12,12.5,62.5,25.0,0.08,62.74999999999999,2,500,0,298,0.25,62.5,0.0,37.25
13,13,12.5,62.5,25.0,0.08,63.5,8,500,0,292,1.0,62.5,0.0,36.5
14,14,12.5,62.5,25.0,0.08,63.24999999999999,7,499,1,293,0.8750000000000001,62.375,0.125,36.625
15,15,12.5,62.5,25.0,0.08,62.875,4,499,1,296,0.5,62.375,0.125,37.0
16,16,12.5,62.5,25.0,0.08,62.74999999999999,2,500,0,298,0.25,62.5,0.0,37.25
17,17,12.5,62.5,25.0,0.08,62.875,3,500,0,297,0.375,62.5,0.0,37.125
18,18,12.5,62.5,25.0,0.08,62.74999999999999,3,499,1,297,0.375,62.375,0.125,37.125
19,19,12.5,62.5,25.0,0.08,63.0,5,499,1,295,0.625,62.375,0.125,36.875
20,20,12.5,62.5,25.0,0.08,63.375,7,500,0,293,0.8750000000000001,62.5,0.0,36.625
21,21,12.5,62.5,25.0,0.08,64.375,15,500,0,285,1.875,62.5,0.0,35.625
22,22,12.5,62.5,25.0,0.08,63.375,7,500,0,293,0.8750000000000001,62.5,0.0,36.625
23,23,12.5,62.5,25.0,0.08,63.24999999999999,6,500,0,294,0.75,62.5,0.0,36.75
24,24,12.5,62.5,25.0,0.08,63.74999999999999,10,500,0,290,1.25,62.5,0.0,36.25
25,25,12.5,62.5,25.0,0.08,63.125,5,500,0,295,0.625,62.5,0.0,36.875
26,26,12.5,62.5,25.0,0.08,63.125,5,500,0,295,0.625,62.5,0.0,36.875
27,27,12.5,62.5,25.0,0.08,64.0,12,500,0,288,1.5,62.5,0.0,36.0
28,28,12.5,62.5,25.0,0.08,63.625,9,500,0,291,1.125,62.5,0.0,36.375
29,29,12.5,62.5,25.0,0.08,63.0,4,500,0,296,0.5,62.5,0.0,37.0
30,30,12.5,62.5,25.0,0.08,63.125,5,500,0,295,0.625,62.5,0.0,36.875
31,31,12.5,62.5,25.0,0.08,64.125,13,500,0,287,1.625,62.5,0.0,35.875
32,32,12.5,62.5,25.0,0.08,62.875,4,499,1,296,0.5,62.375,0.125,37.0
33,33,12.5,62.5,25.0,0.08,63.125,5,500,0,295,0.625,62.5,0.0,36.875
34,34,12.5,62.5,25.0,0.08,63.125,5,500,0,295,0.625,62.5,0.0,36.875
35,35,12.5,62.5,25.0,0.08,63.625,9,500,0,291,1.125,62.5,0.0,36.375
36,36,12.5,62.5,25.0,0.08,63.375,8,499,1,292,1.0,62.375,0.125,36.5
37,37,12.5,62.5,25.0,0.08,63.375,7,500,0,293,0.8750000000000001,62.5,0.0,36.625
38,38,12.5,62.5,25.0,0.08,63.125,5,500,0,295,0.625,62.5,0.0,36.875
39,39,12.5,62.5,25.0,0.08,63.5,9,499,1,291,1.125,62.375,0.125,36.375
40,40,12.5,62.5,25.0,0.08,63.5,8,500,0,292,1.0,62.5,0.0,36.5
41,41,12.5,62.5,25.0,0.08,64.0,12,500,0,288,1.5,62.5,0.0,36.0
42,42,12.5,62.5,25.0,0.08,63.0,4,500,0,296,0.5,62.5,0.0,37.0
43,43,12.5,62.5,25.0,0.08,63.24999999999999,6,500,0,294,0.75,62.5,0.0,36.75
44,44,12.5,62.5,25.0,0.08,63.24999999999999,6,500,0,294,0.75,62.5,0.0,36.75
45,45,12.5,62.5,25.0,0.08,63.125,5,500,0,295,0.625,62.5,0.0,36.875
46,46,12.5,62.5,25.0,0.08,63.0,4,500,0,296,0.5,62.5,0.0,37.0
47,47,12.5,62.5,25.0,0.08,63.74999999999999,10,500,0,290,1.25,62.5,0.0,36.25
48,48,12.5,62.5,25.0,0.08,63.625,9,500,0,291,1.125,62.5,0.0,36.375
49,49,12.5,62.5,25.0,0.08,63.74999999999999,10,500,0,290,1.25,62.5,0.0,36.25
50,50,12.5,62.5,25.0,0.08,62.74999999999999,2,500,0,298,0.25,62.5,0.0,37.25
51,51,12.5,62.5,25.0,0.08,63.125,6,499,1,294,0.75,62.375,0.125,36.75
52,52,12.5,62.5,25.0,0.08,62.875,3,500,0,297,0.375,62.5,0.0,37.125
53,53,12.5,62.5,25.0,0.08,63.375,7,500,0,293,0.8750000000000001,62.5,0.0,36.625
54,54,12.5,62.5,25.0,0.08,63.0,4,500,0,296,0.5,62.5,0.0,37.0
55,55,12.5,62.5,25.0,0.08,63.125,5,500,0,295,0.625,62.5,0.0,36.875
56,56,12.5,62.5,25.0,0.08,63.375,7,500,0,293,0.8750000000000001,62.5,0.0,36.625
57,57,12.5,62.5,25.0,0.08,62.625,3,498,2,297,0.375,62.25000000000001,0.25,37.125
58,58,12.5,62.5,25.0,0.08,63.24999999999999,6,500,0,294,0.75,62.5,0.0,36.75
59,59,12.5,62.5,25.0,0.08,63.24999999999999,6,500,0,294,0.75,62.5,0.0,36.75
60,60,12.5,62.5,25.0,0.08,64.5,16,500,0,284,2.0,62.5,0.0,35.5
61,61,12.5,62.5,25.0,0.08,63.24999999999999,6,500,0,294,0.75,62.5,0.0,36.75
62,62,12.5,62.5,25.0,0.08,63.125,6,499,1,294,0.75,62.375,0.125,36.75
63,63,12.5,62.5,25.0,0.08,62.875,4,499,1,296,0.5,62.375,0.125,37.0
64,64,12.5,62.5,25.0,0.08,63.625,9,500,0,291,1.125,62.5,0.0,36.375
65,65,12.5,62.5,25.0,0.08,63.24999999999999,6,500,0,294,0.75,62.5,0.0,36.75
66,66,12.5,62.5,25.0,0.08,63.125,5,500,0,295,0.625,62.5,0.0,36.875
67,67,12.5,62.5,25.0,0.08,62.875,3,500,0,297,0.375,62.5,0.0,37.125
68,68,12.5,62.5,25.0,0.08,63.125,5,500,0,295,0.625,62.5,0.0,36.875
69,69,12.5,62.5,25.0,0.08,64.0,12,500,0,288,1.5,62.5,0.0,36.0
70,70,12.5,62.5,25.0,0.08,63.375,7,500,0,293,0.8750000000000001,62.5,0.0,36.625
71,71,12.5,62.5,25.0,0.08,63.125,5,500,0,295,0.625,62.5,0.0,36.875
72,72,12.5,62.5,25.0,0.08,63.87500000000001,11,500,0,289,1.375,62.5,0.0,36.125
73,73,12.5,62.5,25.0,0.08,63.0,4,500,0,296,0.5,62.5,0.0,37.0
74,74,12.5,62.5,25.0,0.08,63.375,7,500,0,293,0.8750000000000001,62.5,0.0,36.625
75,75,12.5,62.5,25.0,0.08,62.875,3,500,0,297,0.375,62.5,0.0,37.125
76,76,12.5,62.5,25.0,0.08,63.125,5,500,0,295,0.625,62.5,0.0,36.875
77,77,12.5,62.5,25.0,0.08,63.625,9,500,0,291,1.125,62.5,0.0,36.375
78,78,12.5,62.5,25.0,0.08,64.125,13,500,0,287,1.625,62.5,0.0,35.875
79,79,12.5,62.5,25.0,0.08,63.625,10,499,1,290,1.25,62.375,0.125,36.25
80,80,12.5,62.5,25.0,0.08,63.74999999999999,10,500,0,290,1.25,62.5,0.0,36.25
81,81,12.5,62.5,25.0,0.08,64.0,12,500,0,288,1.5,62.5,0.0,36.0
82,82,12.5,62.5,25.0,0.08,63.24999999999999,7,499,1,293,0.8750000000000001,62.375,0.125,36.625
83,83,12.5,62.5,25.0,0.08,63.375,7,500,0,293,0.8750000000000001,62.5,0.0,36.625
84,84,12.5,62.5,25.0,0.08,63.5,8,500,0,292,1.0,62.5,0.0,36.5
85,85,12.5,62.5,25.0,0.08,63.375,8,499,1,292,1.0,62.375,0.125,36.5
86,86,12.5,62.5,25.0,0.08,63.625,10,499,1,290,1.25,62.375,0.125,36.25
87,87,12.5,62.5,25.0,0.08,64.0,13,499,1,287,1.625,62.375,0.125,35.875
88,88,12.5,62.5,25.0,0.08,63.87500000000001,11,500,0,289,1.375,62.5,0.0,36.125
89,89,12.5,62.5,25.0,0.08,63.24999999999999,6,500,0,294,0.75,62.5,0.0,36.75
90,90,12.5,62.5,25.0,0.08,63.5,8,500,0,292,1.0,62.5,0.0,36.5
91,91,12.5,62.5,25.0,0.08,63.125,5,500,0,295,0.625,62.5,0.0,36.875
92,92,12.5,62.5,25.0,0.08,63.375,7,500,0,293,0.8750000000000001,62.5,0.0,36.625
93,93,12.5,62.5,25.0,0.08,62.875,3,500,0,297,0.375,62.5,0.0,37.125
94,94,12.5,62.5,25.0,0.08,64.375,15,500,0,285,1.875,62.5,0.0,35.625
95,95,12.5,62.5,25.0,0.08,63.5,8,500,0,292,1.0,62.5,0.0,36.5
96,96,12.5,62.5,25.0,0.08,63.625,9,500,0,291,1.125,62.5,0.0,36.375
97,97,12.5,62.5,25.0,0.08,63.625,9,500,0,291,1.125,62.5,0.0,36.375
98,98,12.5,62.5,25.0,0.08,63.125,5,500,0,295,0.625,62.5,0.0,36.875
99,99,12.5,62.5,25.0,0.08,63.5,8,500,0,292,1.0,62.5,0.0,36.5
